2434
2386
2384
2378
2364
2290
2246
2213
2137
2064
2061
2037
2007
2003
1993
1991
1978
1955
1953
1950
1943
1889
1867
1859
1841
1827
1826
1812
1811
1807
1674
1650
1420
1281
1276
1261
1259
1213
1168
1125
1084
1049
1043
1015
1000
991
955
809
797
779
774
750
736
727
712
652
649
580
575
508
340
327
307
279
210
201
158
128
119
111
95
23
1013
2148
53
1017
2418
729
2305
143
78
1956
480
1994
294
2295
376
681
147
1159
973
968
1866
734
559
2040
731
775
780
721
2381
2056
2415
1664
2492
433
2397
1951
1065
1948
1179
2225
1365
1342
1789
724
1373
44
380
2171
568
1507
3
2439
1499
2019
1003
2382
704
1982
1036
2200
1298
1605
503
1961
2000
1032
1440
1204
2059
493
1751
1171
965
1919
697
730
226
1877
2135
1637
1640
1500
1176
2296
1735
1816
1218
2469
1208
878
35
716
1680
1264
1055
2193
817
613
1976
2154
2108
856
587
379
1619
1258
1294
740
1316
2167
1813
2016
285
1329
634
739
1535
1511
1687
737
625
1541
386
2217
786
1965
1558
2267
1340
1088
2103
1817
2281
2024
219
2383
2497
1663
398
1326
359
2366
1479
487
126
144
1927
812
65
326
1328
2139
1780
1721
1599
574
2081
460
771
2376
619
1383
1266
215
2099
1726
604
2398
1834
899
1722
1570
354
2184
2510
1019
2104
1506
784
424
374
2331
1228
2326
722
1288
581
570
2133
1215
2090
345
2247
475
1405
319
1870
2219
1285
1361
202
183
1236
71
698
2005
1851
426
1854
1335
1474
863
1671
1806
2174
259
121
2111
1348
2303
810
552
72
2110
296
1824
2443
1728
228
1623
596
2223
214
1138
1083
1359
675
1333
73
497
609
85
1484
2179
8
2427
1610
866
1959
1505
2483
1881
578
1338
2063
260
2033
1694
887
2050
1512
115
1975
1705
1839
1529
2375
1828
1041
1037
1616
1319
2278
650
1504
248
1203
281
238
2372
1547
1996
21
556
1677
1079
2122
1612
1078
2002
2231
1556
868
263
464
1502
1639
1152
1584
821
723
1553
1090
647
2333
2271
2426
2227
1002
1305
805
362
639
1960
488
1384
205
318
2261
1029
1052
1183
1116
1666
1451
2218
2226
2387
2447
435
1920
595
1767
92
2468
399
1747
1283
1910
738
1765
378
198
842
509
1550
1930
2254
557
463
2211
2422
611
2506
1921
1988
551
154
1035
1713
2197
1941
2283
1630
1199
1291
317
1330
1607
1473
237
160
1118
321
1119
772
616
2513
1793
1242
629
2230
2412
1842
1053
2134
189
789
1403
184
1945
2514
156
1758
320
1369
1009
709
1503
2256
1533
2368
1537
749
995
257
2196
1597
802
2010
1557
1742
2116
728
1898
2400
1190
1896
133
1278
1903
114
2151
2249
1210
2199
2309
982
2456
1971
1987
28
1212
762
1392
1879
2414
742
1181
1077
760
1056
2048
2455
420
16
1785
76
2101
719
268
315
1525
1378
180
993
593
442
2393
916
1998
695
38
368
2034
1209
2066
402
1792
836
221
1862
1821
2128
1731
1292
1608
1363
1801
748
1371
1255
919
1627
1112
2208
1808
439
1536
1054
1929
1256
1521
1127
239
2085
5
558
481
363
663
450
373
643
474
2182
1217
2032
2009
357
69
920
1778
1366
2106
2355
1980
61
1136
598
2438
1458
1439
998
1914
1786
829
2107
1382
2228
2279
2525
470
1206
502
1397
2280
659
877
347
185
571
1526
2252
1449
2499
2250
1153
2453
642
391
2038
167
181
830
603
954
344
516
1421
1137
1568
2408
1092
1885
2014
2430
1307
4
1121
313
638
1932
1931
491
1357
377
1744
2380
1069
284
1081
1033
381
1315
236
2516
1175
853
1970
963
655
416
428
2476
2011
951
1688
2259
2074
1700
1573
660
2013
608
1613
336
1472
612
1095
1865
2401
1318
2253
1621
2470
58
1309
1508
2029
1201
421
129
2115
902
1151
89
555
2008
1007
1102
561
1632
417
2436
2369
666
1428
1268
1578
1485
579
717
2240
2395
1883
792
1184
1669
2255
1401
2146
2257
1633
1718
60
93
2075
2504
761
1577
2235
2495
1733
175
2118
2373
304
413
2435
2423
2520
747
1216
997
756
394
1856
192
1427
108
1589
276
2077
1832
172
118
1509
566
2272
2432
206
745
873
137
499
966
1232
2031
1548
2201
1456
1565
1893
42
478
959
32
332
267
1737
1606
545
1389
2509
393
1006
1010
2060
2004
938
1111
2452
847
351
2175
1172
2053
554
269
2517
1579
621
484
1788
372
2365
1441
333
1100
1967
1339
562
2403
360
2260
390
2413
1642
253
24
375
626
2480
1819
2411
62
186
2409
1648
2394
1989
641
473
994
2521
826
314
2448
822
1745
706
47
466
49
1790
2420
2232
2463
1804
1709
2129
937
535
1431
1423
1182
195
627
40
630
1001
819
1185
1424
1923
1198
573
565
105
2478
1710
445
2078
1835
18
1085
849
2441
1253
1952
2446
1419
1464
2130
879
632
301
735
1795
777
1299
1471
1882
1543
409
12
791
1779
1123
542
1831
1156
1861
197
113
2350
2340
1126
1555
767
793
1047
2170
1690
843
246
2407
1736
26
1147
2204
209
1128
1997
454
2192
117
2096
384
251
112
567
1846
1467
1497
1791
1510
1250
2194
918
1352
586
337
773
1143
2049
2479
1707
1280
2018
2385
1604
1293
1308
280
1415
7
2275
1515
678
1891
404
1229
25
897
548
1310
2444
896
844
328
83
2286
1552
1465
245
987
1739
1913
17
2477
64
1682
422
1219
820
1986
1487
136
1207
462
563
2354
828
506
2079
392
2015
1601
2207
1894
1668
1759
56
1652
2234
776
2392
701
2178
881
469
549
2445
1372
1514
353
1320
2314
781
597
1341
1840
415
2214
2072
1290
311
434
1822
2304
1542
1436
635
922
990
1154
569
801
2215
486
765
846
2288
1697
912
904
2360
1520
1715
1260
152
2300
36
1211
1416
151
944
494
687
860
2310
790
1135
1899
605
2390
123
1902
471
2241
164
2188
814
1323
852
2324
1646
1220
2462
1649
174
839
696
618
369
1241
356
1768
1200
138
1214
813
468
1337
1417
406
2329
908
1410
2315
1704
1683
139
165
674
1075
495
1849
923
1874
1398
331
1145
2087
2301
850
1809
222
703
1495
14
553
880
2057
1301
2359
1513
825
48
589
988
96
1325
1247
104
1815
41
848
1454
306
2440
496
1113
1233
2186
1350
2274
1295
1030
1368
1629
1448
690
577
833
799
2131
1796
2276
1239
2043
2142
2084
1609
275
2353
1600
125
526
191
1304
1166
2399
177
513
1044
1823
1972
252
1939
1367
465
265
224
431
832
1071
1592
1617
636
1519
1692
1946
1270
37
1738
2222
220
1803
1598
1890
1048
182
628
2173
1149
1717
521
872
1027
134
808
1844
889
1560
1638
2402
489
2467
1672
1462
514
1532
1797
1481
1924
1787
2327
1937
1188
157
342
1469
2311
52
1011
2105
213
338
1966
2100
1466
1534
1962
70
2396
2391
1148
1355
536
1222
2006
107
1794
1186
1331
1580
2112
1426
2069
443
807
2442
2155
664
116
1848
1518
1189
1528
365
905
303
1475
1873
1766
2052
2150
2475
1296
983
289
1303
718
1562
176
1719
1551
2068
2308
101
2149
412
2505
492
456
907
1626
1968
2163
1483
1180
654
277
2406
22
1460
1925
768
141
757
909
837
1022
1958
479
1486
291
1665
39
1430
45
1942
755
31
2191
2450
607
986
1569
2473
1379
130
2242
1353
504
1057
2055
1050
788
1897
1695
297
1658
27
1571
679
1470
658
1858
1164
2325
1771
348
1235
255
1933
1654
1977
1074
1224
51
1196
803
55
459
30
1107
2524
1763
1434
529
2036
942
1868
367
859
423
2410
1875
1676
1452
1356
2093
274
1265
429
419
523
1990
1563
2264
485
876
614
1008
1820
2292
683
2289
1938
939
2164
1453
783
1530
1586
2095
302
1538
2238
1523
948
2417
949
1146
520
500
387
1321
1773
1673
550
1158
914
2152
2341
1287
1727
1641
778
2356
1567
911
66
1447
1634
1691
1947
1244
1187
1134
217
2316
150
146
88
2345
2458
1279
883
208
15
396
1374
2054
743
77
787
1892
795
171
1141
1025
1346
2127
2291
1957
411
349
455
437
266
1246
1012
2284
2471
1679
1995
1847
99
1407
2206
1393
2248
958
921
1863
811
2449
19
1774
1262
312
1051
2176
1098
179
1678
952
2012
796
1909
1740
2185
1587
865
1895
633
316
1701
854
1590
1272
936
940
2169
204
572
590
547
2362
2092
2239
1089
2523
1845
425
892
457
1061
1362
2202
1647
1614
985
2236
458
637
75
430
142
1480
1490
2460
2512
1635
594
1446
1549
1411
2124
1386
54
2421
1396
148
2299
1059
388
1564
1457
2237
1173
1583
950
401
33
999
967
851
467
946
1720
1433
1843
329
29
764
472
1645
405
1949
68
2342
733
1360
2245
256
1045
1620
240
1178
1131
1830
427
1192
1900
1167
131
1023
322
746
159
539
602
1618
933
546
2419
230
449
1412
1263
1193
2282
2123
1559
441
2189
2320
188
1777
1591
383
1594
976
518
2089
2070
1496
527
74
1231
94
1574
350
541
1628
2302
358
782
1488
67
623
339
1170
585
1723
1907
1539
124
2404
2243
538
1005
355
2251
2293
410
582
1878
196
287
906
193
1872
1322
1221
2307
80
1516
838
370
2102
382
657
1772
395
2270
584
1984
834
262
2157
308
715
483
2156
335
1130
389
2190
1317
769
1915
2352
1381
1886
1725
753
1345
1251
726
2160
1805
576
1478
871
661
106
2025
689
665
507
2487
1039
1561
754
1864
1
403
758
1853
1585
1160
140
1482
1314
537
1094
841
515
751
1911
1985
341
103
1802
2379
512
1575
2377
163
161
1140
1753
1581
2374
685
511
1058
1377
432
615
258
693
2041
2503
1857
223
855
540
2125
1782
2306
617
917
2209
620
1108
1576
622
599
1798
100
477
127
286
989
1689
1114
702
1651
893
1517
2030
2091
710
992
662
1358
290
2351
1752
1429
532
2062
1582
827
300
2244
794
2488
741
930
1234
1922
505
669
448
1435
50
271
941
2465
711
400
984
250
2076
913
194
525
1969
2172
2266
1944
2047
1566
1836
1888
926
63
2428
824
20
1492
591
2485
645
2518
1908
974
444
199
592
84
1522
241
1926
2067
452
1964
510
59
931
2277
691
1916
961
2145
1524
1974
264
2039
1884
170
2177
2114
1755
972
2051
1195
680
648
646
2425
1810
1934
1540
1375
1194
1501
668
1067
970
1544
1887
2187
2294
624
242
653
785
2023
1554
528
343
1714
531
1901
2298
686
667
2268
1685
1254
173
671
371
1068
903
1018
975
2080
2486
1716
705
672
533
1046
1983
1760
543
2498
1814
1698
155
1038
330
234
91
2344
476
759
1354
606
1667
1855
1981
1940
692
1312
2389
1527
1073
2312
818
1021
2491
1271
211
79
1684
744
2493
1343
1670
1711
588
2168
1306
1749
1905
682
283
610
438
1174
1385
1935
1091
0
324
109
414
2205
2265
1869
2285
2349
1860
1286
1917
2045
2336
644
910
1422
135
1631
1347
1334
232
169
560
699
2367
890
261
1708
1661
298
517
708
752
845
9
1702
1572
90
631
564
1659
2343
2224
804
2
2162
882
1413
2484
2474
1205
490
1101
2017
1063
34
1404
891
2159
676
2337
2166
1099
102
200
888
1087
1096
1275
707
2496
2158
544
2262
2001
964
1284
971
1734
1230
2519
806
2494
1871
2113
1042
894
461
2258
2502
1395
928
1336
10
1432
2147
366
1282
2466
1762
915
1825
218
81
2287
1545
1833
1769
1850
2334
524
2141
534
2221
436
11
1829
1289
43
2405
1732
1838
2098
2501
2198
2363
1277
1409
120
385
1104
1699
519
1912
1662
453
498
673
1332
2161
2481
943
244
272
270
187
798
2073
1918
688
2229
1391
2143
1155
2335
1034
2515
1741
364
2203
2136
656
763
1906
1660
97
1928
1784
2416
875
408
1177
1162
2044
2424
1783
1686
1743
451
98
1064
1800
694
934
2183
227
732
1799
145
583
132
945
684
1302
925
235
831
601
640
2511
310
522
440
1070
2022
1300
530
670
2357
1297
482
1097
2482
2328
840
713
600
2026
6
867
87
162
1060
110
168
2071
924
1150
149
1344
869
212
1040
2180
1062
1418
935
857
1880
2332
361
2361
1596
2313
1103
325
1493
929
1080
278
870
1004
82
2464
1066
2339
858
2220
2323
962
1072
900
1818
295
1370
2322
864
323
2472
2132
2140
1494
800
1588
2490
1491
1489
225
2522
2181
2321
1227
346
2020
1438
1026
254
1324
898
447
770
2297
1979
2317
2457
299
1106
1837
1657
2451
1086
249
700
1169
57
2119
2348
947
1223
1380
1625
1476
1402
1408
293
166
13
2347
2507
2046
1761
714
247
1437
2126
2035
46
153
1876
1643
1245
229
835
2263
1225
1226
1754
233
2138
1724
996
2094
1240
977
1936
2088
207
1274
957
1014
1675
1757
1781
816
1443
407
861
2109
1425
1238
1093
352
1450
901
203
1622
2117
2346
874
895
884
1681
1445
1444
2489
2086
1237
1122
305
1696
1020
1703
1120
2233
1644
1615
1602
1109
2195
1461
2319
1267
2210
2065
2028
1406
2429
1076
1243
1399
1904
1653
1498
1351
1142
815
885
1712
190
231
1016
1756
1349
122
1750
418
1024
288
273
1376
1764
1693
2021
2318
1595
2165
1611
1776
2082
1730
1655
2216
1388
1157
2431
2058
1746
1129
292
1546
766
86
932
2338
1442
2508
2500
2461
2459
2454
2437
2433
2388
2371
2370
2358
2330
2273
2269
2212
2153
2144
2121
2120
2097
2083
2042
2027
1999
1992
1973
1963
1954
1852
1775
1770
1748
1729
1706
1656
1636
1624
1603
1593
1531
1477
1468
1463
1459
1455
1414
1400
1394
1390
1387
1364
1327
1313
1311
1273
1269
1257
1252
1249
1248
1202
1197
1191
1165
1163
1161
1144
1139
1133
1132
1124
1117
1115
1110
1105
1082
1031
1028
981
980
979
978
969
960
956
953
927
886
862
823
725
720
677
651
501
446
397
334
309
282
243
216
178
